2651.271 395.900
2245.191 388.900
1885.438 381.700
1518.795 372.900
1179.599 362.600
852.645 349.700
545.209 332.600
276.612 310.900
41.460 282.900
-158.716 249.500
-332.349 212.600
-486.204 174.100
-632.800 133.500
-716.861 108.100
-855.910 64.100
-983.715 22.300
-1113.069 -20.900
-1242.764 -64.300
-1380.739 -106.200
-1527.352 -147.300
-1678.913 -186.900
-1841.918 -224.900
-2022.710 -261.600
-2215.708 -294.700
-2436.254 -324.400
-2692.868 -351.300
-2857.017 -365.000
-2463.437 -358.000
-2093.513 -350.700
-1732.551 -342.300
-1384.358 -332.100
-1052.745 -319.400
-740.004 -303.100
-463.431 -282.100
-223.995 -255.500
-18.361 -223.300
166.462 -185.700
325.811 -147.400
467.982 -109.400
554.390 -83.600
692.025 -41.900
827.535 1.000
955.240 44.700
1088.286 88.600
1225.240 129.900
1372.517 170.900
1524.400 210.200
1686.912 248.400
1864.675 284.300
2068.695 318.000
2293.883 347.000
2544.082 371.600
2719.745 385.700

