633.2 395.9
578.9 388.9
530.0 381.7
479.0 372.9
430.1 362.6
380.6 349.7
330.1 332.6
280.6 310.9
230.1 282.9
179.5 249.5
129.3 212.6
80.2 174.1
30.3 133.5
0.0 108.1
-51.7 64.1
-100.3 22.3
-150.2 -20.9
-200.3 -64.3
-250.2 -106.2
-300.5 -147.3
-350.2 -186.9
-400.0 -224.9
-450.9 -261.6
-500.4 -294.7
-550.5 -324.4
-602.7 -351.3
-633.3 -365.0
-580.5 -358.0
-530.3 -350.7
-480.3 -342.3
-430.4 -332.1
-380.5 -319.4
-330.0 -303.1
-280.1 -282.1
-230.2 -255.5
-179.9 -223.3
-127.8 -185.7
-78.2 -147.4
-30.9 -109.4
0.0 -83.6
49.7 -41.9
100.1 1.0
150.2 44.7
201.1 88.6
250.4 129.9
300.7 170.9
350.2 210.2
400.1 248.4
450.0 284.3
501.3 318.0
551.4 347.0
601.0 371.6
633.3 385.7
